500 2 1 0.01 0.01 0.01 1 100
500 2 1 0.01 0.01 0.1 1 100
500 2 1 0.01 0.01 0.5 1 100
500 2 1 0.01 0.01 1 1 100
500 2 1 0.01 0.1 0.01 1 100
500 2 1 0.01 0.1 0.1 1 100
500 2 1 0.01 0.1 0.5 1 100
500 2 1 0.01 0.1 1 1 100
500 2 1 0.01 0.5 0.01 1 100
500 2 1 0.01 0.5 0.1 1 100
500 2 1 0.01 0.5 0.5 1 100
500 2 1 0.01 0.5 1 1 100
500 2 1 0.01 1 0.01 1 100
500 2 1 0.01 1 0.1 1 100
500 2 1 0.01 1 0.5 1 100
500 2 1 0.01 1 1 1 100
500 2 1 0.1 0.01 0.01 1 100
500 2 1 0.1 0.01 0.1 1 100
500 2 1 0.1 0.01 0.5 1 100
500 2 1 0.1 0.01 1 1 100
500 2 1 0.1 0.1 0.01 1 100
500 2 1 0.1 0.1 0.1 1 100
500 2 1 0.1 0.1 0.5 1 100
500 2 1 0.1 0.1 1 1 100
500 2 1 0.1 0.5 0.01 1 100
500 2 1 0.1 0.5 0.1 1 100
500 2 1 0.1 0.5 0.5 1 100
500 2 1 0.1 0.5 1 1 100
500 2 1 0.1 1 0.01 1 100
500 2 1 0.1 1 0.1 1 100
500 2 1 0.1 1 0.5 1 100
500 2 1 0.1 1 1 1 100
500 2 1 0.5 0.01 0.01 1 100
500 2 1 0.5 0.01 0.1 1 100
500 2 1 0.5 0.01 0.5 1 100
500 2 1 0.5 0.01 1 1 100
500 2 1 0.5 0.1 0.01 1 100
500 2 1 0.5 0.1 0.1 1 100
500 2 1 0.5 0.1 0.5 1 100
500 2 1 0.5 0.1 1 1 100
500 2 1 0.5 0.5 0.01 1 100
500 2 1 0.5 0.5 0.1 1 100
500 2 1 0.5 0.5 0.5 1 100
500 2 1 0.5 0.5 1 1 100
500 2 1 0.5 1 0.01 1 100
500 2 1 0.5 1 0.1 1 100
500 2 1 0.5 1 0.5 1 100
500 2 1 0.5 1 1 1 100
500 2 1 1 0.01 0.01 1 100
500 2 1 1 0.01 0.1 1 100
500 2 1 1 0.01 0.5 1 100
500 2 1 1 0.01 1 1 100
500 2 1 1 0.1 0.01 1 100
500 2 1 1 0.1 0.1 1 100
500 2 1 1 0.1 0.5 1 100
500 2 1 1 0.1 1 1 100
500 2 1 1 0.5 0.01 1 100
500 2 1 1 0.5 0.1 1 100
500 2 1 1 0.5 0.5 1 100
500 2 1 1 0.5 1 1 100
500 2 1 1 1 0.01 1 100
500 2 1 1 1 0.1 1 100
500 2 1 1 1 0.5 1 100
500 2 1 1 1 1 1 100
