100 2 1 0.01 0.005 1
100 2 1 0.01 0.01 1
100 2 1 0.01 0.05 1
100 2 1 0.1 0.005 1
100 2 1 0.1 0.01 1
100 2 1 0.1 0.05 1
100 2 1 0.5 0.005 1
100 2 1 0.5 0.01 1
100 2 1 0.5 0.05 1
100 2 1 1 0.005 1
100 2 1 1 0.01 1
100 2 1 1 0.05 1
100 2 1 2 0.005 1
100 2 1 2 0.01 1
100 2 1 2 0.05 1
100 2 1 5 0.005 1
100 2 1 5 0.01 1
100 2 1 5 0.05 1
500 2 1 0.01 0.005 1
500 2 1 0.01 0.01 1
500 2 1 0.01 0.05 1
500 2 1 0.1 0.005 1
500 2 1 0.1 0.01 1
500 2 1 0.1 0.05 1
500 2 1 0.5 0.005 1
500 2 1 0.5 0.01 1
500 2 1 0.5 0.05 1
500 2 1 1 0.005 1
500 2 1 1 0.01 1
500 2 1 1 0.05 1
500 2 1 2 0.005 1
500 2 1 2 0.01 1
500 2 1 2 0.05 1
500 2 1 5 0.005 1
500 2 1 5 0.01 1
500 2 1 5 0.05 1
1000 2 1 0.01 0.005 1
1000 2 1 0.01 0.01 1
1000 2 1 0.01 0.05 1
1000 2 1 0.1 0.005 1
1000 2 1 0.1 0.01 1
1000 2 1 0.1 0.05 1
1000 2 1 0.5 0.005 1
1000 2 1 0.5 0.01 1
1000 2 1 0.5 0.05 1
1000 2 1 1 0.005 1
1000 2 1 1 0.01 1
1000 2 1 1 0.05 1
1000 2 1 2 0.005 1
1000 2 1 2 0.01 1
1000 2 1 2 0.05 1
1000 2 1 5 0.005 1
1000 2 1 5 0.01 1
1000 2 1 5 0.05 1
